         x |             u_h |            u_ex |           error
------------------------------------------------------------
    0.0000 |    0.000000e+00 |    0.000000e+00 |    0.000000e+00
    0.1111 |    1.175191e-01 |    1.175191e-01 |    8.292811e-13
    0.2222 |    2.488489e-01 |    2.488489e-01 |    1.723066e-12
    0.3333 |    3.956124e-01 |    3.956124e-01 |    2.688683e-12
    0.4444 |    5.596235e-01 |    5.596235e-01 |    3.734790e-12
    0.5556 |    7.429090e-01 |    7.429090e-01 |    4.870992e-12
    0.6667 |    9.477340e-01 |    9.477340e-01 |    6.107892e-12
    0.7778 |    1.176630e+00 |    1.176630e+00 |    7.456924e-12
    0.8889 |    1.432425e+00 |    1.432425e+00 |    8.931522e-12
    1.0000 |    1.718282e+00 |    1.718282e+00 |    1.054667e-11

L2           = 2.012850e-03
H1_semi      = 5.727935e-02
