           x             y            z             ux            uy           uz 
------------------------------------------------------
    0.000000      0.000000     0.000000     0.000000      0.000000     0.000000 
    1.000000      0.000000     0.000000    -0.003589     -0.000243    -0.027833 
    1.000000      0.200000     0.000000    -0.003570     -0.000243    -0.027903 
    0.000000      0.200000     0.000000     0.000000      0.000000     0.000000 
    0.000000      0.000000     0.200000     0.000000      0.000000     0.000000 
    1.000000      0.000000     0.200000     0.003553     -0.000172    -0.027833 
    1.000000      0.200000     0.200000     0.003572     -0.000175    -0.027902 
    0.000000      0.200000     0.200000     0.000000      0.000000     0.000000 
    0.000000      0.100000     0.000000     0.000000      0.000000     0.000000 
    0.100000      0.000000     0.000000    -0.000988     -0.000221    -0.000764 
    0.200000      0.000000     0.000000    -0.001740     -0.000227    -0.002272 
    0.300000      0.000000     0.000000    -0.002336     -0.000231    -0.004469 
    0.400000      0.000000     0.000000    -0.002818     -0.000219    -0.007183 
    0.500000      0.000000     0.000000    -0.003138     -0.000225    -0.010270 
    0.600000      0.000000     0.000000    -0.003358     -0.000230    -0.013605 
    0.700000      0.000000     0.000000    -0.003489     -0.000231    -0.017093 
    0.800000      0.000000     0.000000    -0.003558     -0.000232    -0.020661 
    0.900000      0.000000     0.000000    -0.003583     -0.000237    -0.024251 
    1.000000      0.100000     0.000000    -0.003581     -0.000243    -0.027868 
    0.900000      0.200000     0.000000    -0.003564     -0.000231    -0.024322 
    0.800000      0.200000     0.000000    -0.003538     -0.000214    -0.020732 
    0.700000      0.200000     0.000000    -0.003472     -0.000189    -0.017165 
    0.600000      0.200000     0.000000    -0.003329     -0.000161    -0.013676 
    0.500000      0.200000     0.000000    -0.003112     -0.000112    -0.010340 
    0.400000      0.200000     0.000000    -0.002760     -0.000070    -0.007251 
    0.300000      0.200000     0.000000    -0.002316     -0.000013    -0.004532 
    0.200000      0.200000     0.000000    -0.001703      0.000058    -0.002329 
    0.100000      0.200000     0.000000    -0.000977      0.000128    -0.000786 
    0.100000      0.000000     0.200000     0.000962      0.000168    -0.000741 
    0.200000      0.000000     0.200000     0.001715      0.000103    -0.002282 
    0.300000      0.000000     0.200000     0.002314      0.000046    -0.004481 
    0.400000      0.000000     0.200000     0.002768     -0.000006    -0.007191 
    0.500000      0.000000     0.200000     0.003100     -0.000056    -0.010275 
    0.600000      0.000000     0.200000     0.003323     -0.000097    -0.013611 
    0.700000      0.000000     0.200000     0.003456     -0.000123    -0.017099 
    0.800000      0.000000     0.200000     0.003525     -0.000146    -0.020664 
    0.900000      0.000000     0.200000     0.003549     -0.000162    -0.024252 
    1.000000      0.100000     0.200000     0.003561     -0.000173    -0.027867 
    0.900000      0.200000     0.200000     0.003568     -0.000168    -0.024320 
    0.800000      0.200000     0.200000     0.003545     -0.000165    -0.020728 
    0.700000      0.200000     0.200000     0.003478     -0.000164    -0.017160 
    0.600000      0.200000     0.200000     0.003351     -0.000167    -0.013665 
    0.500000      0.200000     0.200000     0.003132     -0.000167    -0.010324 
    0.400000      0.200000     0.200000     0.002809     -0.000170    -0.007239 
    0.300000      0.200000     0.200000     0.002351     -0.000174    -0.004520 
    0.200000      0.200000     0.200000     0.001729     -0.000178    -0.002311 
    0.100000      0.200000     0.200000     0.000963     -0.000203    -0.000765 
    0.000000      0.100000     0.200000     0.000000      0.000000     0.000000 
    0.000000      0.000000     0.028571     0.000000      0.000000     0.000000 
    0.000000      0.000000     0.057143     0.000000      0.000000     0.000000 
    0.000000      0.000000     0.085714     0.000000      0.000000     0.000000 
    0.000000      0.000000     0.114286     0.000000      0.000000     0.000000 
    0.000000      0.000000     0.142857     0.000000      0.000000     0.000000 
    0.000000      0.000000     0.171429     0.000000      0.000000     0.000000 
    1.000000      0.000000     0.028571    -0.002566     -0.000232    -0.027832 
    1.000000      0.000000     0.057143    -0.001546     -0.000222    -0.027831 
    1.000000      0.000000     0.085714    -0.000527     -0.000212    -0.027831 
    1.000000      0.000000     0.114286     0.000492     -0.000202    -0.027831 
    1.000000      0.000000     0.142857     0.001511     -0.000192    -0.027832 
    1.000000      0.000000     0.171429     0.002532     -0.000182    -0.027832 
    1.000000      0.200000     0.028571    -0.002548     -0.000233    -0.027902 
    1.000000      0.200000     0.057143    -0.001528     -0.000223    -0.027901 
    1.000000      0.200000     0.085714    -0.000509     -0.000213    -0.027900 
    1.000000      0.200000     0.114286     0.000509     -0.000203    -0.027900 
    1.000000      0.200000     0.142857     0.001529     -0.000194    -0.027901 
    1.000000      0.200000     0.171429     0.002549     -0.000184    -0.027902 
    0.000000      0.200000     0.028571     0.000000      0.000000     0.000000 
    0.000000      0.200000     0.057143     0.000000      0.000000     0.000000 
    0.000000      0.200000     0.085714     0.000000      0.000000     0.000000 
    0.000000      0.200000     0.114286     0.000000      0.000000     0.000000 
    0.000000      0.200000     0.142857     0.000000      0.000000     0.000000 
    0.000000      0.200000     0.171429     0.000000      0.000000     0.000000 
    0.850000      0.113397     0.000000    -0.003571     -0.000228    -0.022498 
    0.650000      0.101392     0.000000    -0.003432     -0.000204    -0.015377 
    0.150000      0.086603     0.000000    -0.001368     -0.000075    -0.001461 
    0.350000      0.095447     0.000000    -0.002604     -0.000130    -0.005822 
    0.450000      0.102068     0.000000    -0.002992     -0.000161    -0.008759 
    0.750000      0.096246     0.000000    -0.003529     -0.000217    -0.018916 
    0.550000      0.100577     0.000000    -0.003258     -0.000183    -0.011982 
    0.250000      0.103485     0.000000    -0.002069     -0.000097    -0.003418 
    0.934255      0.073368     0.000000    -0.003582     -0.000237    -0.025506 
    0.065745      0.126632     0.000000    -0.000635      0.000010    -0.000553 
    0.942019      0.142202     0.000000    -0.003576     -0.000237    -0.025808 
    0.057981      0.057798     0.000000    -0.000592     -0.000070    -0.000474 
    0.100000      0.000000     0.028571    -0.000688     -0.000184    -0.000691 
    0.100000      0.000000     0.057143    -0.000416     -0.000125    -0.000640 
    0.100000      0.000000     0.085714    -0.000162     -0.000057    -0.000612 
    0.100000      0.000000     0.114286     0.000088      0.000014    -0.000606 
    0.100000      0.000000     0.142857     0.000347      0.000081    -0.000624 
    0.100000      0.000000     0.171429     0.000630      0.000136    -0.000668 
    0.200000      0.000000     0.028571    -0.001223     -0.000196    -0.002218 
    0.200000      0.000000     0.057143    -0.000731     -0.000148    -0.002181 
    0.200000      0.000000     0.085714    -0.000253     -0.000092    -0.002163 
    0.200000      0.000000     0.114286     0.000221     -0.000033    -0.002164 
    0.200000      0.000000     0.142857     0.000700      0.000023    -0.002184 
    0.200000      0.000000     0.171429     0.001196      0.000071    -0.002224 
    0.300000      0.000000     0.028571    -0.001654     -0.000203    -0.004426 
    0.300000      0.000000     0.057143    -0.000990     -0.000163    -0.004398 
    0.300000      0.000000     0.085714    -0.000338     -0.000117    -0.004385 
    0.300000      0.000000     0.114286     0.000310     -0.000069    -0.004387 
    0.300000      0.000000     0.142857     0.000963     -0.000023    -0.004404 
    0.300000      0.000000     0.171429     0.001628      0.000018    -0.004435 
    0.400000      0.000000     0.028571    -0.002003     -0.000197    -0.007151 
    0.400000      0.000000     0.057143    -0.001205     -0.000165    -0.007131 
    0.400000      0.000000     0.085714    -0.000419     -0.000129    -0.007121 
    0.400000      0.000000     0.114286     0.000364     -0.000093    -0.007122 
    0.400000      0.000000     0.142857     0.001152     -0.000058    -0.007134 
    0.400000      0.000000     0.171429     0.001950     -0.000028    -0.007157 
    0.500000      0.000000     0.028571    -0.002233     -0.000205    -0.010248 
    0.500000      0.000000     0.057143    -0.001343     -0.000179    -0.010233 
    0.500000      0.000000     0.085714    -0.000462     -0.000150    -0.010225 
    0.500000      0.000000     0.114286     0.000417     -0.000121    -0.010225 
    0.500000      0.000000     0.142857     0.001300     -0.000094    -0.010234 
    0.500000      0.000000     0.171429     0.002192     -0.000071    -0.010250 
    0.600000      0.000000     0.028571    -0.002394     -0.000213    -0.013591 
    0.600000      0.000000     0.057143    -0.001441     -0.000193    -0.013581 
    0.600000      0.000000     0.085714    -0.000495     -0.000171    -0.013577 
    0.600000      0.000000     0.114286     0.000450     -0.000149    -0.013577 
    0.600000      0.000000     0.142857     0.001398     -0.000128    -0.013583 
    0.600000      0.000000     0.171429     0.002353     -0.000110    -0.013594 
    0.700000      0.000000     0.028571    -0.002488     -0.000217    -0.017085 
    0.700000      0.000000     0.057143    -0.001497     -0.000201    -0.017080 
    0.700000      0.000000     0.085714    -0.000511     -0.000184    -0.017077 
    0.700000      0.000000     0.114286     0.000474     -0.000167    -0.017078 
    0.700000      0.000000     0.142857     0.001461     -0.000151    -0.017082 
    0.700000      0.000000     0.171429     0.002454     -0.000136    -0.017089 
    0.800000      0.000000     0.028571    -0.002541     -0.000220    -0.020657 
    0.800000      0.000000     0.057143    -0.001530     -0.000208    -0.020655 
    0.800000      0.000000     0.085714    -0.000522     -0.000195    -0.020653 
    0.800000      0.000000     0.114286     0.000485     -0.000182    -0.020654 
    0.800000      0.000000     0.142857     0.001494     -0.000169    -0.020656 
    0.800000      0.000000     0.171429     0.002506     -0.000157    -0.020659 
    0.900000      0.000000     0.028571    -0.002561     -0.000226    -0.024249 
    0.900000      0.000000     0.057143    -0.001542     -0.000215    -0.024248 
    0.900000      0.000000     0.085714    -0.000525     -0.000204    -0.024248 
    0.900000      0.000000     0.114286     0.000491     -0.000193    -0.024248 
    0.900000      0.000000     0.142857     0.001508     -0.000183    -0.024249 
    0.900000      0.000000     0.171429     0.002527     -0.000172    -0.024251 
    1.000000      0.100000     0.028571    -0.002559     -0.000233    -0.027867 
    1.000000      0.100000     0.057143    -0.001539     -0.000223    -0.027866 
    1.000000      0.100000     0.085714    -0.000519     -0.000213    -0.027866 
    1.000000      0.100000     0.114286     0.000500     -0.000203    -0.027866 
    1.000000      0.100000     0.142857     0.001519     -0.000193    -0.027866 
    1.000000      0.100000     0.171429     0.002540     -0.000183    -0.027867 
    0.900000      0.200000     0.028571    -0.002543     -0.000222    -0.024320 
    0.900000      0.200000     0.057143    -0.001524     -0.000212    -0.024319 
    0.900000      0.200000     0.085714    -0.000507     -0.000203    -0.024318 
    0.900000      0.200000     0.114286     0.000509     -0.000194    -0.024317 
    0.900000      0.200000     0.142857     0.001526     -0.000185    -0.024318 
    0.900000      0.200000     0.171429     0.002545     -0.000176    -0.024319 
    0.800000      0.200000     0.028571    -0.002521     -0.000206    -0.020728 
    0.800000      0.200000     0.057143    -0.001510     -0.000198    -0.020724 
    0.800000      0.200000     0.085714    -0.000502     -0.000192    -0.020722 
    0.800000      0.200000     0.114286     0.000505     -0.000185    -0.020721 
    0.800000      0.200000     0.142857     0.001513     -0.000179    -0.020722 
    0.800000      0.200000     0.171429     0.002526     -0.000172    -0.020725 
    0.700000      0.200000     0.028571    -0.002469     -0.000183    -0.017156 
    0.700000      0.200000     0.057143    -0.001476     -0.000179    -0.017149 
    0.700000      0.200000     0.085714    -0.000490     -0.000176    -0.017145 
    0.700000      0.200000     0.114286     0.000496     -0.000174    -0.017144 
    0.700000      0.200000     0.142857     0.001483     -0.000172    -0.017147 
    0.700000      0.200000     0.171429     0.002476     -0.000169    -0.017152 
    0.600000      0.200000     0.028571    -0.002365     -0.000157    -0.013660 
    0.600000      0.200000     0.057143    -0.001412     -0.000158    -0.013648 
    0.600000      0.200000     0.085714    -0.000466     -0.000161    -0.013642 
    0.600000      0.200000     0.114286     0.000478     -0.000164    -0.013640 
    0.600000      0.200000     0.142857     0.001426     -0.000167    -0.013643 
    0.600000      0.200000     0.171429     0.002381     -0.000169    -0.013652 
    0.500000      0.200000     0.028571    -0.002203     -0.000115    -0.010315 
    0.500000      0.200000     0.057143    -0.001311     -0.000123    -0.010297 
    0.500000      0.200000     0.085714    -0.000429     -0.000133    -0.010287 
    0.500000      0.200000     0.114286     0.000450     -0.000145    -0.010285 
    0.500000      0.200000     0.142857     0.001332     -0.000156    -0.010290 
    0.500000      0.200000     0.171429     0.002224     -0.000164    -0.010304 
    0.400000      0.200000     0.028571    -0.001948     -0.000072    -0.007217 
    0.400000      0.200000     0.057143    -0.001153     -0.000085    -0.007192 
    0.400000      0.200000     0.085714    -0.000368     -0.000103    -0.007179 
    0.400000      0.200000     0.114286     0.000413     -0.000124    -0.007177 
    0.400000      0.200000     0.142857     0.001199     -0.000143    -0.007186 
    0.400000      0.200000     0.171429     0.001995     -0.000160    -0.007207 
    0.300000      0.200000     0.028571    -0.001633     -0.000022    -0.004488 
    0.300000      0.200000     0.057143    -0.000969     -0.000044    -0.004456 
    0.300000      0.200000     0.085714    -0.000317     -0.000074    -0.004439 
    0.300000      0.200000     0.114286     0.000332     -0.000105    -0.004436 
    0.300000      0.200000     0.142857     0.000986     -0.000136    -0.004449 
    0.300000      0.200000     0.171429     0.001655     -0.000161    -0.004476 
    0.200000      0.200000     0.028571    -0.001189      0.000044    -0.002270 
    0.200000      0.200000     0.057143    -0.000699      0.000011    -0.002228 
    0.200000      0.200000     0.085714    -0.000223     -0.000031    -0.002204 
    0.200000      0.200000     0.114286     0.000249     -0.000076    -0.002200 
    0.200000      0.200000     0.142857     0.000725     -0.000119    -0.002216 
    0.200000      0.200000     0.171429     0.001216     -0.000156    -0.002253 
    0.100000      0.200000     0.028571    -0.000666      0.000114    -0.000714 
    0.100000      0.200000     0.057143    -0.000393      0.000070    -0.000665 
    0.100000      0.200000     0.085714    -0.000139      0.000010    -0.000638 
    0.100000      0.200000     0.114286     0.000108     -0.000054    -0.000634 
    0.100000      0.200000     0.142857     0.000362     -0.000118    -0.000652 
    0.100000      0.200000     0.171429     0.000640     -0.000171    -0.000695 
    0.000000      0.100000     0.028571     0.000000      0.000000     0.000000 
    0.000000      0.100000     0.057143     0.000000      0.000000     0.000000 
    0.000000      0.100000     0.085714     0.000000      0.000000     0.000000 
    0.000000      0.100000     0.114286     0.000000      0.000000     0.000000 
    0.000000      0.100000     0.142857     0.000000      0.000000     0.000000 
    0.000000      0.100000     0.171429     0.000000      0.000000     0.000000 
    0.850000      0.113397     0.200000     0.003549     -0.000160    -0.022500 
    0.650000      0.101392     0.200000     0.003402     -0.000137    -0.015392 
    0.150000      0.086603     0.200000     0.001335     -0.000009    -0.001553 
    0.350000      0.095447     0.200000     0.002570     -0.000075    -0.005873 
    0.450000      0.102068     0.200000     0.002954     -0.000097    -0.008752 
    0.750000      0.096246     0.200000     0.003504     -0.000149    -0.018910 
    0.550000      0.100577     0.200000     0.003233     -0.000122    -0.011957 
    0.250000      0.103485     0.200000     0.002030     -0.000047    -0.003359 
    0.934255      0.073368     0.200000     0.003557     -0.000166    -0.025506 
    0.065745      0.126632     0.200000     0.000614     -0.000039    -0.000432 
    0.942019      0.142202     0.200000     0.003564     -0.000169    -0.025808 
    0.057981      0.057798     0.200000     0.000533      0.000023    -0.000363 
    0.850000      0.113397     0.028571    -0.002548     -0.000218    -0.022495 
    0.850000      0.113397     0.057143    -0.001531     -0.000208    -0.022494 
    0.850000      0.113397     0.085714    -0.000516     -0.000198    -0.022493 
    0.850000      0.113397     0.114286     0.000498     -0.000189    -0.022494 
    0.850000      0.113397     0.142857     0.001512     -0.000179    -0.022495 
    0.850000      0.113397     0.171429     0.002529     -0.000170    -0.022498 
    0.650000      0.101392     0.028571    -0.002445     -0.000193    -0.015368 
    0.650000      0.101392     0.057143    -0.001468     -0.000182    -0.015363 
    0.650000      0.101392     0.085714    -0.000498     -0.000172    -0.015361 
    0.650000      0.101392     0.114286     0.000471     -0.000163    -0.015363 
    0.650000      0.101392     0.142857     0.001442     -0.000154    -0.015368 
    0.650000      0.101392     0.171429     0.002418     -0.000145    -0.015378 
    0.150000      0.086603     0.028571    -0.000948     -0.000066    -0.001411 
    0.150000      0.086603     0.057143    -0.000558     -0.000056    -0.001383 
    0.150000      0.086603     0.085714    -0.000187     -0.000044    -0.001374 
    0.150000      0.086603     0.114286     0.000177     -0.000033    -0.001386 
    0.150000      0.086603     0.142857     0.000544     -0.000022    -0.001419 
    0.150000      0.086603     0.171429     0.000927     -0.000014    -0.001474 
    0.350000      0.095447     0.028571    -0.001842     -0.000121    -0.005793 
    0.350000      0.095447     0.057143    -0.001102     -0.000111    -0.005776 
    0.350000      0.095447     0.085714    -0.000373     -0.000102    -0.005770 
    0.350000      0.095447     0.114286     0.000350     -0.000093    -0.005777 
    0.350000      0.095447     0.142857     0.001077     -0.000085    -0.005795 
    0.350000      0.095447     0.171429     0.001814     -0.000079    -0.005827 
    0.450000      0.102068     0.028571    -0.002124     -0.000149    -0.008729 
    0.450000      0.102068     0.057143    -0.001273     -0.000138    -0.008711 
    0.450000      0.102068     0.085714    -0.000433     -0.000128    -0.008701 
    0.450000      0.102068     0.114286     0.000404     -0.000120    -0.008701 
    0.450000      0.102068     0.142857     0.001244     -0.000112    -0.008709 
    0.450000      0.102068     0.171429     0.002092     -0.000104    -0.008726 
    0.750000      0.096246     0.028571    -0.002517     -0.000207    -0.018909 
    0.750000      0.096246     0.057143    -0.001511     -0.000197    -0.018904 
    0.750000      0.096246     0.085714    -0.000511     -0.000187    -0.018901 
    0.750000      0.096246     0.114286     0.000488     -0.000177    -0.018901 
    0.750000      0.096246     0.142857     0.001489     -0.000168    -0.018902 
    0.750000      0.096246     0.171429     0.002493     -0.000158    -0.018905 
    0.550000      0.100577     0.028571    -0.002318     -0.000173    -0.011959 
    0.550000      0.100577     0.057143    -0.001391     -0.000164    -0.011944 
    0.550000      0.100577     0.085714    -0.000471     -0.000155    -0.011934 
    0.550000      0.100577     0.114286     0.000446     -0.000146    -0.011931 
    0.550000      0.100577     0.142857     0.001366     -0.000138    -0.011934 
    0.550000      0.100577     0.171429     0.002293     -0.000130    -0.011942 
    0.250000      0.103485     0.028571    -0.001460     -0.000087    -0.003356 
    0.250000      0.103485     0.057143    -0.000873     -0.000078    -0.003315 
    0.250000      0.103485     0.085714    -0.000300     -0.000071    -0.003292 
    0.250000      0.103485     0.114286     0.000268     -0.000064    -0.003286 
    0.250000      0.103485     0.142857     0.000840     -0.000058    -0.003295 
    0.250000      0.103485     0.171429     0.001425     -0.000053    -0.003320 
    0.934255      0.073368     0.028571    -0.002560     -0.000227    -0.025506 
    0.934255      0.073368     0.057143    -0.001540     -0.000217    -0.025505 
    0.934255      0.073368     0.085714    -0.000521     -0.000207    -0.025504 
    0.934255      0.073368     0.114286     0.000497     -0.000197    -0.025504 
    0.934255      0.073368     0.142857     0.001515     -0.000186    -0.025505 
    0.934255      0.073368     0.171429     0.002535     -0.000176    -0.025505 
    0.065745      0.126632     0.028571    -0.000403      0.000001    -0.000447 
    0.065745      0.126632     0.057143    -0.000222     -0.000003    -0.000384 
    0.065745      0.126632     0.085714    -0.000064     -0.000011    -0.000351 
    0.065745      0.126632     0.114286     0.000086     -0.000020    -0.000340 
    0.065745      0.126632     0.142857     0.000238     -0.000029    -0.000349 
    0.065745      0.126632     0.171429     0.000407     -0.000036    -0.000378 
    0.942019      0.142202     0.028571    -0.002554     -0.000227    -0.025808 
    0.942019      0.142202     0.057143    -0.001533     -0.000217    -0.025807 
    0.942019      0.142202     0.085714    -0.000515     -0.000207    -0.025806 
    0.942019      0.142202     0.114286     0.000503     -0.000198    -0.025806 
    0.942019      0.142202     0.142857     0.001522     -0.000188    -0.025806 
    0.942019      0.142202     0.171429     0.002542     -0.000179    -0.025807 
    0.057981      0.057798     0.028571    -0.000368     -0.000055    -0.000372 
    0.057981      0.057798     0.057143    -0.000207     -0.000042    -0.000312 
    0.057981      0.057798     0.085714    -0.000070     -0.000028    -0.000280 
    0.057981      0.057798     0.114286     0.000059     -0.000012    -0.000270 
    0.057981      0.057798     0.142857     0.000192      0.000004    -0.000279 
    0.057981      0.057798     0.171429     0.000343      0.000016    -0.000308 
