           x             y         ux_ff       ux_sofa         uy_ff       uy_sofa        err_ux        err_uy
--------------------------------------------------------------------------------------------------------------
    0.000000      0.000000     -0.000000      0.000000     -0.000000      0.000000      0.000000      0.000000
    1.000000      0.000000     -0.004112     -0.003706     -0.032140     -0.029069      0.000406      0.003071
    1.000000      0.200000      0.004131      0.003736     -0.032139     -0.029068     -0.000395      0.003071
    0.000000      0.200000      0.000000      0.000000     -0.000000      0.000000     -0.000000      0.000000
    0.000000      0.171429      0.000000      0.000000     -0.000000      0.000000     -0.000000      0.000000
    0.000000      0.142857      0.000000      0.000000      0.000000      0.000000     -0.000000     -0.000000
    0.000000      0.114286      0.000000      0.000000      0.000000      0.000000     -0.000000     -0.000000
    0.000000      0.085714     -0.000000      0.000000      0.000000      0.000000      0.000000     -0.000000
    0.000000      0.057143     -0.000000      0.000000      0.000000      0.000000      0.000000     -0.000000
    0.000000      0.028571     -0.000000      0.000000      0.000000      0.000000      0.000000     -0.000000
    0.052632      0.000000     -0.000612     -0.000525     -0.000378     -0.000387      0.000087     -0.000009
    0.105263      0.000000     -0.001167     -0.001029     -0.000969     -0.000921      0.000138      0.000049
    0.157895      0.000000     -0.001660     -0.001478     -0.001818     -0.001684      0.000182      0.000134
    0.210526      0.000000     -0.002094     -0.001873     -0.002903     -0.002661      0.000221      0.000242
    0.263158      0.000000     -0.002474     -0.002218     -0.004196     -0.003827      0.000256      0.000369
    0.315789      0.000000     -0.002802     -0.002516     -0.005669     -0.005157      0.000286      0.000512
    0.368421      0.000000     -0.003083     -0.002772     -0.007297     -0.006626      0.000312      0.000670
    0.421053      0.000000     -0.003321     -0.002988     -0.009055     -0.008215      0.000334      0.000841
    0.473684      0.000000     -0.003520     -0.003168     -0.010923     -0.009902      0.000352      0.001021
    0.526316      0.000000     -0.003682     -0.003315     -0.012880     -0.011670      0.000367      0.001210
    0.578947      0.000000     -0.003811     -0.003432     -0.014907     -0.013502      0.000379      0.001405
    0.631579      0.000000     -0.003912     -0.003524     -0.016990     -0.015384      0.000388      0.001606
    0.684211      0.000000     -0.003987     -0.003592     -0.019113     -0.017302      0.000395      0.001811
    0.736842      0.000000     -0.004041     -0.003641     -0.021264     -0.019245      0.000400      0.002018
    0.789474      0.000000     -0.004076     -0.003673     -0.023432     -0.021204      0.000403      0.002228
    0.842105      0.000000     -0.004098     -0.003692     -0.025609     -0.023171      0.000405      0.002438
    0.894737      0.000000     -0.004108     -0.003702     -0.027789     -0.025140      0.000406      0.002649
    0.947368      0.000000     -0.004111     -0.003705     -0.029967     -0.027106      0.000407      0.002860
    1.000000      0.028571     -0.002933     -0.002641     -0.032139     -0.029068      0.000292      0.003071
    1.000000      0.057143     -0.001755     -0.001577     -0.032138     -0.029067      0.000178      0.003071
    1.000000      0.085714     -0.000578     -0.000515     -0.032138     -0.029066      0.000063      0.003071
    1.000000      0.114286      0.000598      0.000547     -0.032138     -0.029066     -0.000051      0.003071
    1.000000      0.142857      0.001775      0.001609     -0.032138     -0.029067     -0.000166      0.003071
    1.000000      0.171429      0.002952      0.002672     -0.032139     -0.029067     -0.000280      0.003071
    0.947368      0.200000      0.004131      0.003736     -0.029967     -0.027107     -0.000395      0.002860
    0.894737      0.200000      0.004127      0.003732     -0.027791     -0.025142     -0.000395      0.002649
    0.842105      0.200000      0.004117      0.003722     -0.025612     -0.023174     -0.000394      0.002438
    0.789474      0.200000      0.004095      0.003703     -0.023435     -0.021207     -0.000392      0.002227
    0.736842      0.200000      0.004059      0.003670     -0.021267     -0.019249     -0.000389      0.002018
    0.684211      0.200000      0.004005      0.003620     -0.019117     -0.017307     -0.000385      0.001810
    0.631579      0.200000      0.003929      0.003551     -0.016995     -0.015389     -0.000378      0.001605
    0.578947      0.200000      0.003827      0.003458     -0.014913     -0.013508     -0.000369      0.001405
    0.526316      0.200000      0.003697      0.003339     -0.012886     -0.011677     -0.000358      0.001209
    0.473684      0.200000      0.003534      0.003190     -0.010930     -0.009910     -0.000344      0.001020
    0.421053      0.200000      0.003334      0.003008     -0.009063     -0.008223     -0.000326      0.000840
    0.368421      0.200000      0.003095      0.002790     -0.007305     -0.006636     -0.000305      0.000669
    0.315789      0.200000      0.002812      0.002532     -0.005678     -0.005167     -0.000280      0.000511
    0.263158      0.200000      0.002482      0.002232     -0.004206     -0.003839     -0.000251      0.000367
    0.210526      0.200000      0.002102      0.001886     -0.002915     -0.002676     -0.000216      0.000240
    0.157895      0.200000      0.001669      0.001493     -0.001832     -0.001700     -0.000176      0.000132
    0.105263      0.200000      0.001182      0.001053     -0.000984     -0.000937     -0.000129      0.000047
    0.052632      0.200000      0.000640      0.000569     -0.000391     -0.000398     -0.000071     -0.000008
    0.052632      0.028571     -0.000408     -0.000349     -0.000308     -0.000295      0.000059      0.000013
    0.052632      0.057143     -0.000237     -0.000203     -0.000266     -0.000239      0.000034      0.000027
    0.052632      0.085714     -0.000080     -0.000070     -0.000246     -0.000212      0.000010      0.000034
    0.052632      0.114286      0.000073      0.000059     -0.000246     -0.000211     -0.000014      0.000035
    0.052632      0.142857      0.000232      0.000194     -0.000265     -0.000236     -0.000037      0.000029
    0.052632      0.171429      0.000409      0.000350     -0.000309     -0.000293     -0.000059      0.000016
    0.105263      0.028571     -0.000802     -0.000705     -0.000899     -0.000828      0.000097      0.000070
    0.105263      0.057143     -0.000470     -0.000413     -0.000853     -0.000769      0.000057      0.000084
    0.105263      0.085714     -0.000156     -0.000139     -0.000831     -0.000740      0.000018      0.000091
    0.105263      0.114286      0.000153      0.000132     -0.000833     -0.000742     -0.000021      0.000091
    0.105263      0.142857      0.000470      0.000412     -0.000859     -0.000776     -0.000058      0.000083
    0.105263      0.171429      0.000810      0.000716     -0.000911     -0.000843     -0.000093      0.000068
    0.157895      0.028571     -0.001156     -0.001027     -0.001755     -0.001601      0.000129      0.000154
    0.157895      0.057143     -0.000682     -0.000605     -0.001713     -0.001547      0.000077      0.000166
    0.157895      0.085714     -0.000225     -0.000199     -0.001693     -0.001521      0.000026      0.000172
    0.157895      0.114286      0.000227      0.000202     -0.001696     -0.001524     -0.000025      0.000172
    0.157895      0.142857      0.000687      0.000611     -0.001720     -0.001556     -0.000075      0.000164
    0.157895      0.171429      0.001164      0.001038     -0.001766     -0.001615     -0.000125      0.000151
    0.210526      0.028571     -0.001468     -0.001310     -0.002847     -0.002589      0.000158      0.000259
    0.210526      0.057143     -0.000869     -0.000774     -0.002811     -0.002541      0.000095      0.000270
    0.210526      0.085714     -0.000286     -0.000253     -0.002793     -0.002518      0.000033      0.000275
    0.210526      0.114286      0.000293      0.000263     -0.002795     -0.002520     -0.000029      0.000275
    0.210526      0.142857      0.000876      0.000785     -0.002817     -0.002548     -0.000091      0.000268
    0.210526      0.171429      0.001476      0.001323     -0.002857     -0.002600     -0.000153      0.000257
    0.263158      0.028571     -0.001741     -0.001558     -0.004147     -0.003764      0.000183      0.000383
    0.263158      0.057143     -0.001033     -0.000922     -0.004115     -0.003722      0.000110      0.000393
    0.263158      0.085714     -0.000339     -0.000301     -0.004100     -0.003702      0.000038      0.000398
    0.263158      0.114286      0.000349      0.000316     -0.004101     -0.003704     -0.000033      0.000397
    0.263158      0.142857      0.001042      0.000937     -0.004120     -0.003728     -0.000105      0.000392
    0.263158      0.171429      0.001750      0.001573     -0.004155     -0.003773     -0.000177      0.000382
    0.315789      0.028571     -0.001977     -0.001772     -0.005627     -0.005102      0.000204      0.000525
    0.315789      0.057143     -0.001175     -0.001051     -0.005599     -0.005066      0.000124      0.000533
    0.315789      0.085714     -0.000386     -0.000343     -0.005586     -0.005049      0.000043      0.000537
    0.315789      0.114286      0.000398      0.000361     -0.005587     -0.005050     -0.000037      0.000537
    0.315789      0.142857      0.001186      0.001069     -0.005603     -0.005071     -0.000117      0.000533
    0.315789      0.171429      0.001988      0.001789     -0.005634     -0.005110     -0.000198      0.000524
    0.368421      0.028571     -0.002179     -0.001956     -0.007261     -0.006580      0.000223      0.000681
    0.368421      0.057143     -0.001297     -0.001162     -0.007237     -0.006549      0.000135      0.000688
    0.368421      0.085714     -0.000427     -0.000379     -0.007226     -0.006534      0.000047      0.000692
    0.368421      0.114286      0.000439      0.000399     -0.007227     -0.006536     -0.000040      0.000692
    0.368421      0.142857      0.001309      0.001181     -0.007241     -0.006553     -0.000128      0.000688
    0.368421      0.171429      0.002192      0.001976     -0.007267     -0.006587     -0.000216      0.000680
    0.421053      0.028571     -0.002351     -0.002112     -0.009025     -0.008176      0.000239      0.000850
    0.421053      0.057143     -0.001400     -0.001255     -0.009005     -0.008150      0.000145      0.000856
    0.421053      0.085714     -0.000461     -0.000410     -0.008996     -0.008137      0.000051      0.000859
    0.421053      0.114286      0.000475      0.000432     -0.008997     -0.008139     -0.000043      0.000858
    0.421053      0.142857      0.001414      0.001277     -0.009009     -0.008153     -0.000137      0.000855
    0.421053      0.171429      0.002364      0.002133     -0.009031     -0.008182     -0.000231      0.000849
    0.473684      0.028571     -0.002494     -0.002242     -0.010898     -0.009870      0.000252      0.001028
    0.473684      0.057143     -0.001486     -0.001334     -0.010882     -0.009848      0.000153      0.001033
    0.473684      0.085714     -0.000489     -0.000435     -0.010874     -0.009838      0.000054      0.001036
    0.473684      0.114286      0.000504      0.000459     -0.010875     -0.009839     -0.000045      0.001036
    0.473684      0.142857      0.001501      0.001357     -0.010885     -0.009852     -0.000144      0.001033
    0.473684      0.171429      0.002509      0.002265     -0.010903     -0.009875     -0.000243      0.001028
    0.526316      0.028571     -0.002612     -0.002349     -0.012860     -0.011644      0.000263      0.001216
    0.526316      0.057143     -0.001557     -0.001398     -0.012846     -0.011626      0.000159      0.001220
    0.526316      0.085714     -0.000513     -0.000456     -0.012840     -0.011618      0.000056      0.001222
    0.526316      0.114286      0.000529      0.000482     -0.012841     -0.011619     -0.000047      0.001222
    0.526316      0.142857      0.001573      0.001423     -0.012849     -0.011629     -0.000150      0.001220
    0.526316      0.171429      0.002627      0.002374     -0.012864     -0.011649     -0.000254      0.001215
    0.578947      0.028571     -0.002706     -0.002434     -0.014892     -0.013482      0.000272      0.001410
    0.578947      0.057143     -0.001614     -0.001450     -0.014881     -0.013468      0.000165      0.001413
    0.578947      0.085714     -0.000531     -0.000473     -0.014876     -0.013461      0.000058      0.001415
    0.578947      0.114286      0.000549      0.000500     -0.014877     -0.013462     -0.000048      0.001415
    0.578947      0.142857      0.001631      0.001476     -0.014883     -0.013470     -0.000155      0.001413
    0.578947      0.171429      0.002722      0.002461     -0.014896     -0.013486     -0.000262      0.001410
    0.631579      0.028571     -0.002779     -0.002501     -0.016978     -0.015368      0.000278      0.001610
    0.631579      0.057143     -0.001659     -0.001490     -0.016970     -0.015357      0.000169      0.001612
    0.631579      0.085714     -0.000546     -0.000486     -0.016966     -0.015352      0.000060      0.001613
    0.631579      0.114286      0.000564      0.000515     -0.016966     -0.015353     -0.000049      0.001613
    0.631579      0.142857      0.001677      0.001518     -0.016972     -0.015360     -0.000159      0.001612
    0.631579      0.171429      0.002797      0.002529     -0.016981     -0.015372     -0.000268      0.001609
    0.684211      0.028571     -0.002835     -0.002551     -0.019104     -0.017290      0.000283      0.001813
    0.684211      0.057143     -0.001693     -0.001521     -0.019098     -0.017283      0.000172      0.001815
    0.684211      0.085714     -0.000557     -0.000496     -0.019095     -0.017279      0.000061      0.001816
    0.684211      0.114286      0.000576      0.000526     -0.019095     -0.017279     -0.000050      0.001816
    0.684211      0.142857      0.001711      0.001550     -0.019099     -0.017285     -0.000161      0.001815
    0.684211      0.171429      0.002853      0.002580     -0.019107     -0.017294     -0.000273      0.001813
    0.736842      0.028571     -0.002875     -0.002588     -0.021257     -0.019237      0.000287      0.002020
    0.736842      0.057143     -0.001717     -0.001543     -0.021253     -0.019232      0.000174      0.002021
    0.736842      0.085714     -0.000565     -0.000504     -0.021251     -0.019229      0.000062      0.002022
    0.736842      0.114286      0.000585      0.000534     -0.021252     -0.019230     -0.000051      0.002022
    0.736842      0.142857      0.001736      0.001573     -0.021255     -0.019233     -0.000163      0.002021
    0.736842      0.171429      0.002893      0.002617     -0.021260     -0.019240     -0.000276      0.002020
    0.789474      0.028571     -0.002902     -0.002612     -0.023428     -0.021199      0.000290      0.002229
    0.789474      0.057143     -0.001734     -0.001558     -0.023425     -0.021196      0.000176      0.002230
    0.789474      0.085714     -0.000571     -0.000508     -0.023424     -0.021194      0.000062      0.002230
    0.789474      0.114286      0.000591      0.000540     -0.023424     -0.021194     -0.000051      0.002230
    0.789474      0.142857      0.001754      0.001589     -0.023426     -0.021197     -0.000164      0.002230
    0.789474      0.171429      0.002921      0.002643     -0.023430     -0.021201     -0.000278      0.002229
    0.842105      0.028571     -0.002918     -0.002627     -0.025607     -0.023168      0.000291      0.002439
    0.842105      0.057143     -0.001745     -0.001568     -0.025605     -0.023166      0.000177      0.002439
    0.842105      0.085714     -0.000575     -0.000512     -0.025605     -0.023165      0.000063      0.002440
    0.842105      0.114286      0.000595      0.000544     -0.025605     -0.023165     -0.000051      0.002440
    0.842105      0.142857      0.001765      0.001600     -0.025606     -0.023167     -0.000165      0.002439
    0.842105      0.171429      0.002938      0.002659     -0.025609     -0.023170     -0.000280      0.002439
    0.894737      0.028571     -0.002928     -0.002636     -0.027788     -0.025139      0.000292      0.002650
    0.894737      0.057143     -0.001751     -0.001573     -0.027787     -0.025137      0.000177      0.002650
    0.894737      0.085714     -0.000577     -0.000513     -0.027787     -0.025137      0.000063      0.002650
    0.894737      0.114286      0.000597      0.000546     -0.027787     -0.025137     -0.000051      0.002650
    0.894737      0.142857      0.001771      0.001606     -0.027788     -0.025138     -0.000166      0.002650
    0.894737      0.171429      0.002947      0.002667     -0.027789     -0.025140     -0.000280      0.002649
    0.947368      0.028571     -0.002931     -0.002639     -0.029966     -0.027106      0.000292      0.002860
    0.947368      0.057143     -0.001754     -0.001576     -0.029966     -0.027105      0.000178      0.002861
    0.947368      0.085714     -0.000577     -0.000514     -0.029965     -0.027105      0.000063      0.002861
    0.947368      0.114286      0.000598      0.000547     -0.029965     -0.027105     -0.000051      0.002861
    0.947368      0.142857      0.001774      0.001608     -0.029966     -0.027105     -0.000166      0.002861
    0.947368      0.171429      0.002951      0.002671     -0.029967     -0.027106     -0.000280      0.002860

L2 error norms
----------------------------------------
  ||ux_sofa - ux_ff||_2 = 1.675413e-05
  ||uy_sofa - uy_ff||_2 = 1.271818e-04
