   x_initial    y_initial      x_final      y_final          u_x          u_y
--------------------------------------------------------------------------------
    0.000000     0.000000    -0.000000    -0.000000    -0.000000    -0.000000
    1.000000     0.000000     0.995888    -0.032140    -0.004112    -0.032140
    1.000000     0.200000     1.004131     0.167861     0.004131    -0.032139
    0.000000     0.200000     0.000000     0.200000     0.000000    -0.000000
    0.000000     0.171429     0.000000     0.171429     0.000000    -0.000000
    0.000000     0.142857     0.000000     0.142857     0.000000     0.000000
    0.000000     0.114286     0.000000     0.114286     0.000000     0.000000
    0.000000     0.085714    -0.000000     0.085714    -0.000000     0.000000
    0.000000     0.057143    -0.000000     0.057143    -0.000000     0.000000
    0.000000     0.028571    -0.000000     0.028571    -0.000000     0.000000
    0.052632     0.000000     0.052020    -0.000378    -0.000612    -0.000378
    0.105263     0.000000     0.104096    -0.000969    -0.001167    -0.000969
    0.157895     0.000000     0.156235    -0.001818    -0.001660    -0.001818
    0.210526     0.000000     0.208432    -0.002903    -0.002094    -0.002903
    0.263158     0.000000     0.260684    -0.004196    -0.002474    -0.004196
    0.315789     0.000000     0.312987    -0.005669    -0.002802    -0.005669
    0.368421     0.000000     0.365338    -0.007297    -0.003083    -0.007297
    0.421053     0.000000     0.417731    -0.009055    -0.003321    -0.009055
    0.473684     0.000000     0.470165    -0.010923    -0.003520    -0.010923
    0.526316     0.000000     0.522634    -0.012880    -0.003682    -0.012880
    0.578947     0.000000     0.575136    -0.014907    -0.003811    -0.014907
    0.631579     0.000000     0.627667    -0.016990    -0.003912    -0.016990
    0.684211     0.000000     0.680223    -0.019113    -0.003987    -0.019113
    0.736842     0.000000     0.732801    -0.021264    -0.004041    -0.021264
    0.789474     0.000000     0.785397    -0.023432    -0.004076    -0.023432
    0.842105     0.000000     0.838008    -0.025609    -0.004098    -0.025609
    0.894737     0.000000     0.890629    -0.027789    -0.004108    -0.027789
    0.947368     0.000000     0.943257    -0.029967    -0.004111    -0.029967
    1.000000     0.028571     0.997067    -0.003568    -0.002933    -0.032139
    1.000000     0.057143     0.998245     0.025005    -0.001755    -0.032138
    1.000000     0.085714     0.999422     0.053577    -0.000578    -0.032138
    1.000000     0.114286     1.000598     0.082148     0.000598    -0.032138
    1.000000     0.142857     1.001775     0.110719     0.001775    -0.032138
    1.000000     0.171429     1.002952     0.139290     0.002952    -0.032139
    0.947368     0.200000     0.951499     0.170033     0.004131    -0.029967
    0.894737     0.200000     0.898864     0.172209     0.004127    -0.027791
    0.842105     0.200000     0.846222     0.174388     0.004117    -0.025612
    0.789474     0.200000     0.793569     0.176565     0.004095    -0.023435
    0.736842     0.200000     0.740901     0.178733     0.004059    -0.021267
    0.684211     0.200000     0.688215     0.180883     0.004005    -0.019117
    0.631579     0.200000     0.635508     0.183005     0.003929    -0.016995
    0.578947     0.200000     0.582775     0.185087     0.003827    -0.014913
    0.526316     0.200000     0.530013     0.187114     0.003697    -0.012886
    0.473684     0.200000     0.477218     0.189070     0.003534    -0.010930
    0.421053     0.200000     0.424387     0.190937     0.003334    -0.009063
    0.368421     0.200000     0.371516     0.192695     0.003095    -0.007305
    0.315789     0.200000     0.318601     0.194322     0.002812    -0.005678
    0.263158     0.200000     0.265640     0.195794     0.002482    -0.004206
    0.210526     0.200000     0.212628     0.197085     0.002102    -0.002915
    0.157895     0.200000     0.159564     0.198168     0.001669    -0.001832
    0.105263     0.200000     0.106445     0.199016     0.001182    -0.000984
    0.052632     0.200000     0.053271     0.199609     0.000640    -0.000391
    0.052632     0.028571     0.052224     0.028264    -0.000408    -0.000308
    0.052632     0.057143     0.052395     0.056877    -0.000237    -0.000266
    0.052632     0.085714     0.052552     0.085468    -0.000080    -0.000246
    0.052632     0.114286     0.052705     0.114040     0.000073    -0.000246
    0.052632     0.142857     0.052863     0.142592     0.000232    -0.000265
    0.052632     0.171429     0.053041     0.171120     0.000409    -0.000309
    0.105263     0.028571     0.104461     0.027673    -0.000802    -0.000899
    0.105263     0.057143     0.104793     0.056290    -0.000470    -0.000853
    0.105263     0.085714     0.105107     0.084883    -0.000156    -0.000831
    0.105263     0.114286     0.105416     0.113453     0.000153    -0.000833
    0.105263     0.142857     0.105733     0.141998     0.000470    -0.000859
    0.105263     0.171429     0.106073     0.170518     0.000810    -0.000911
    0.157895     0.028571     0.156739     0.026817    -0.001156    -0.001755
    0.157895     0.057143     0.157213     0.055430    -0.000682    -0.001713
    0.157895     0.085714     0.157670     0.084021    -0.000225    -0.001693
    0.157895     0.114286     0.158122     0.112590     0.000227    -0.001696
    0.157895     0.142857     0.158581     0.141137     0.000687    -0.001720
    0.157895     0.171429     0.159058     0.169662     0.001164    -0.001766
    0.210526     0.028571     0.209058     0.025724    -0.001468    -0.002847
    0.210526     0.057143     0.209658     0.054332    -0.000869    -0.002811
    0.210526     0.085714     0.210241     0.082921    -0.000286    -0.002793
    0.210526     0.114286     0.210819     0.111491     0.000293    -0.002795
    0.210526     0.142857     0.211403     0.140041     0.000876    -0.002817
    0.210526     0.171429     0.212002     0.168572     0.001476    -0.002857
    0.263158     0.028571     0.261417     0.024424    -0.001741    -0.004147
    0.263158     0.057143     0.262125     0.053028    -0.001033    -0.004115
    0.263158     0.085714     0.262819     0.081614    -0.000339    -0.004100
    0.263158     0.114286     0.263507     0.110184     0.000349    -0.004101
    0.263158     0.142857     0.264200     0.138737     0.001042    -0.004120
    0.263158     0.171429     0.264908     0.167273     0.001750    -0.004155
    0.315789     0.028571     0.313813     0.022944    -0.001977    -0.005627
    0.315789     0.057143     0.314615     0.051544    -0.001175    -0.005599
    0.315789     0.085714     0.315403     0.080128    -0.000386    -0.005586
    0.315789     0.114286     0.316187     0.108698     0.000398    -0.005587
    0.315789     0.142857     0.316975     0.137254     0.001186    -0.005603
    0.315789     0.171429     0.317777     0.165795     0.001988    -0.005634
    0.368421     0.028571     0.366242     0.021310    -0.002179    -0.007261
    0.368421     0.057143     0.367124     0.049906    -0.001297    -0.007237
    0.368421     0.085714     0.367995     0.078488    -0.000427    -0.007226
    0.368421     0.114286     0.368860     0.107059     0.000439    -0.007227
    0.368421     0.142857     0.369730     0.135616     0.001309    -0.007241
    0.368421     0.171429     0.370613     0.164161     0.002192    -0.007267
    0.421053     0.028571     0.418702     0.019546    -0.002351    -0.009025
    0.421053     0.057143     0.419653     0.048137    -0.001400    -0.009005
    0.421053     0.085714     0.420592     0.076718    -0.000461    -0.008996
    0.421053     0.114286     0.421527     0.105289     0.000475    -0.008997
    0.421053     0.142857     0.422466     0.133848     0.001414    -0.009009
    0.421053     0.171429     0.423417     0.162398     0.002364    -0.009031
    0.473684     0.028571     0.471190     0.017673    -0.002494    -0.010898
    0.473684     0.057143     0.472198     0.046261    -0.001486    -0.010882
    0.473684     0.085714     0.473195     0.074840    -0.000489    -0.010874
    0.473684     0.114286     0.474189     0.103411     0.000504    -0.010875
    0.473684     0.142857     0.475186     0.131972     0.001501    -0.010885
    0.473684     0.171429     0.476193     0.160525     0.002509    -0.010903
    0.526316     0.028571     0.523704     0.015712    -0.002612    -0.012860
    0.526316     0.057143     0.524758     0.044297    -0.001557    -0.012846
    0.526316     0.085714     0.525803     0.072874    -0.000513    -0.012840
    0.526316     0.114286     0.526845     0.101445     0.000529    -0.012841
    0.526316     0.142857     0.527889     0.130008     0.001573    -0.012849
    0.526316     0.171429     0.528943     0.158564     0.002627    -0.012864
    0.578947     0.028571     0.576242     0.013680    -0.002706    -0.014892
    0.578947     0.057143     0.577333     0.042262    -0.001614    -0.014881
    0.578947     0.085714     0.578416     0.070838    -0.000531    -0.014876
    0.578947     0.114286     0.579496     0.099409     0.000549    -0.014877
    0.578947     0.142857     0.580579     0.127974     0.001631    -0.014883
    0.578947     0.171429     0.581670     0.156533     0.002722    -0.014896
    0.631579     0.028571     0.628800     0.011594    -0.002779    -0.016978
    0.631579     0.057143     0.629920     0.040173    -0.001659    -0.016970
    0.631579     0.085714     0.631033     0.068749    -0.000546    -0.016966
    0.631579     0.114286     0.632143     0.097319     0.000564    -0.016966
    0.631579     0.142857     0.633256     0.125886     0.001677    -0.016972
    0.631579     0.171429     0.634376     0.154447     0.002797    -0.016981
    0.684211     0.028571     0.681376     0.009468    -0.002835    -0.019104
    0.684211     0.057143     0.682518     0.038045    -0.001693    -0.019098
    0.684211     0.085714     0.683653     0.066619    -0.000557    -0.019095
    0.684211     0.114286     0.684787     0.095190     0.000576    -0.019095
    0.684211     0.142857     0.685922     0.123758     0.001711    -0.019099
    0.684211     0.171429     0.687063     0.152322     0.002853    -0.019107
    0.736842     0.028571     0.733967     0.007314    -0.002875    -0.021257
    0.736842     0.057143     0.735125     0.035890    -0.001717    -0.021253
    0.736842     0.085714     0.736277     0.064463    -0.000565    -0.021251
    0.736842     0.114286     0.737427     0.093034     0.000585    -0.021252
    0.736842     0.142857     0.738579     0.121603     0.001736    -0.021255
    0.736842     0.171429     0.739735     0.150169     0.002893    -0.021260
    0.789474     0.028571     0.786572     0.005143    -0.002902    -0.023428
    0.789474     0.057143     0.787739     0.033718    -0.001734    -0.023425
    0.789474     0.085714     0.788903     0.062291    -0.000571    -0.023424
    0.789474     0.114286     0.790064     0.090862     0.000591    -0.023424
    0.789474     0.142857     0.791227     0.119431     0.001754    -0.023426
    0.789474     0.171429     0.792395     0.147998     0.002921    -0.023430
    0.842105     0.028571     0.839187     0.002964    -0.002918    -0.025607
    0.842105     0.057143     0.840360     0.031537    -0.001745    -0.025605
    0.842105     0.085714     0.841531     0.060110    -0.000575    -0.025605
    0.842105     0.114286     0.842700     0.088681     0.000595    -0.025605
    0.842105     0.142857     0.843870     0.117251     0.001765    -0.025606
    0.842105     0.171429     0.845043     0.145820     0.002938    -0.025609
    0.894737     0.028571     0.891809     0.000783    -0.002928    -0.027788
    0.894737     0.057143     0.892986     0.029356    -0.001751    -0.027787
    0.894737     0.085714     0.894160     0.057928    -0.000577    -0.027787
    0.894737     0.114286     0.895334     0.086499     0.000597    -0.027787
    0.894737     0.142857     0.896508     0.115069     0.001771    -0.027788
    0.894737     0.171429     0.897684     0.143639     0.002947    -0.027789
    0.947368     0.028571     0.944437    -0.001395    -0.002931    -0.029966
    0.947368     0.057143     0.945615     0.027177    -0.001754    -0.029966
    0.947368     0.085714     0.946791     0.055749    -0.000577    -0.029965
    0.947368     0.114286     0.947967     0.084320     0.000598    -0.029965
    0.947368     0.142857     0.949142     0.112891     0.001774    -0.029966
    0.947368     0.171429     0.950320     0.141462     0.002951    -0.029967
