           x             y            ux            uy
------------------------------------------------------
    0.000000      0.000000      0.000000      0.000000
    1.000000      0.000000     -0.003706     -0.029069
    1.000000      0.200000      0.003736     -0.029068
    0.000000      0.200000      0.000000      0.000000
    0.000000      0.171429      0.000000      0.000000
    0.000000      0.142857      0.000000      0.000000
    0.000000      0.114286      0.000000      0.000000
    0.000000      0.085714      0.000000      0.000000
    0.000000      0.057143      0.000000      0.000000
    0.000000      0.028571      0.000000      0.000000
    0.052632      0.000000     -0.000525     -0.000387
    0.105263      0.000000     -0.001029     -0.000921
    0.157895      0.000000     -0.001478     -0.001684
    0.210526      0.000000     -0.001873     -0.002661
    0.263158      0.000000     -0.002218     -0.003827
    0.315789      0.000000     -0.002516     -0.005157
    0.368421      0.000000     -0.002772     -0.006626
    0.421053      0.000000     -0.002988     -0.008215
    0.473684      0.000000     -0.003168     -0.009902
    0.526316      0.000000     -0.003315     -0.011670
    0.578947      0.000000     -0.003432     -0.013502
    0.631579      0.000000     -0.003524     -0.015384
    0.684211      0.000000     -0.003592     -0.017302
    0.736842      0.000000     -0.003641     -0.019245
    0.789474      0.000000     -0.003673     -0.021204
    0.842105      0.000000     -0.003692     -0.023171
    0.894737      0.000000     -0.003702     -0.025140
    0.947368      0.000000     -0.003705     -0.027106
    1.000000      0.028571     -0.002641     -0.029068
    1.000000      0.057143     -0.001577     -0.029067
    1.000000      0.085714     -0.000515     -0.029066
    1.000000      0.114286      0.000547     -0.029066
    1.000000      0.142857      0.001609     -0.029067
    1.000000      0.171429      0.002672     -0.029067
    0.947368      0.200000      0.003736     -0.027107
    0.894737      0.200000      0.003732     -0.025142
    0.842105      0.200000      0.003722     -0.023174
    0.789474      0.200000      0.003703     -0.021207
    0.736842      0.200000      0.003670     -0.019249
    0.684211      0.200000      0.003620     -0.017307
    0.631579      0.200000      0.003551     -0.015389
    0.578947      0.200000      0.003458     -0.013508
    0.526316      0.200000      0.003339     -0.011677
    0.473684      0.200000      0.003190     -0.009910
    0.421053      0.200000      0.003008     -0.008223
    0.368421      0.200000      0.002790     -0.006636
    0.315789      0.200000      0.002532     -0.005167
    0.263158      0.200000      0.002232     -0.003839
    0.210526      0.200000      0.001886     -0.002676
    0.157895      0.200000      0.001493     -0.001700
    0.105263      0.200000      0.001053     -0.000937
    0.052632      0.200000      0.000569     -0.000398
    0.052632      0.028571     -0.000349     -0.000295
    0.052632      0.057143     -0.000203     -0.000239
    0.052632      0.085714     -0.000070     -0.000212
    0.052632      0.114286      0.000059     -0.000211
    0.052632      0.142857      0.000194     -0.000236
    0.052632      0.171429      0.000350     -0.000293
    0.105263      0.028571     -0.000705     -0.000828
    0.105263      0.057143     -0.000413     -0.000769
    0.105263      0.085714     -0.000139     -0.000740
    0.105263      0.114286      0.000132     -0.000742
    0.105263      0.142857      0.000412     -0.000776
    0.105263      0.171429      0.000716     -0.000843
    0.157895      0.028571     -0.001027     -0.001601
    0.157895      0.057143     -0.000605     -0.001547
    0.157895      0.085714     -0.000199     -0.001521
    0.157895      0.114286      0.000202     -0.001524
    0.157895      0.142857      0.000611     -0.001556
    0.157895      0.171429      0.001038     -0.001615
    0.210526      0.028571     -0.001310     -0.002589
    0.210526      0.057143     -0.000774     -0.002541
    0.210526      0.085714     -0.000253     -0.002518
    0.210526      0.114286      0.000263     -0.002520
    0.210526      0.142857      0.000785     -0.002548
    0.210526      0.171429      0.001323     -0.002600
    0.263158      0.028571     -0.001558     -0.003764
    0.263158      0.057143     -0.000922     -0.003722
    0.263158      0.085714     -0.000301     -0.003702
    0.263158      0.114286      0.000316     -0.003704
    0.263158      0.142857      0.000937     -0.003728
    0.263158      0.171429      0.001573     -0.003773
    0.315789      0.028571     -0.001772     -0.005102
    0.315789      0.057143     -0.001051     -0.005066
    0.315789      0.085714     -0.000343     -0.005049
    0.315789      0.114286      0.000361     -0.005050
    0.315789      0.142857      0.001069     -0.005071
    0.315789      0.171429      0.001789     -0.005110
    0.368421      0.028571     -0.001956     -0.006580
    0.368421      0.057143     -0.001162     -0.006549
    0.368421      0.085714     -0.000379     -0.006534
    0.368421      0.114286      0.000399     -0.006536
    0.368421      0.142857      0.001181     -0.006553
    0.368421      0.171429      0.001976     -0.006587
    0.421053      0.028571     -0.002112     -0.008176
    0.421053      0.057143     -0.001255     -0.008150
    0.421053      0.085714     -0.000410     -0.008137
    0.421053      0.114286      0.000432     -0.008139
    0.421053      0.142857      0.001277     -0.008153
    0.421053      0.171429      0.002133     -0.008182
    0.473684      0.028571     -0.002242     -0.009870
    0.473684      0.057143     -0.001334     -0.009848
    0.473684      0.085714     -0.000435     -0.009838
    0.473684      0.114286      0.000459     -0.009839
    0.473684      0.142857      0.001357     -0.009852
    0.473684      0.171429      0.002265     -0.009875
    0.526316      0.028571     -0.002349     -0.011644
    0.526316      0.057143     -0.001398     -0.011626
    0.526316      0.085714     -0.000456     -0.011618
    0.526316      0.114286      0.000482     -0.011619
    0.526316      0.142857      0.001423     -0.011629
    0.526316      0.171429      0.002374     -0.011649
    0.578947      0.028571     -0.002434     -0.013482
    0.578947      0.057143     -0.001450     -0.013468
    0.578947      0.085714     -0.000473     -0.013461
    0.578947      0.114286      0.000500     -0.013462
    0.578947      0.142857      0.001476     -0.013470
    0.578947      0.171429      0.002461     -0.013486
    0.631579      0.028571     -0.002501     -0.015368
    0.631579      0.057143     -0.001490     -0.015357
    0.631579      0.085714     -0.000486     -0.015352
    0.631579      0.114286      0.000515     -0.015353
    0.631579      0.142857      0.001518     -0.015360
    0.631579      0.171429      0.002529     -0.015372
    0.684211      0.028571     -0.002551     -0.017290
    0.684211      0.057143     -0.001521     -0.017283
    0.684211      0.085714     -0.000496     -0.017279
    0.684211      0.114286      0.000526     -0.017279
    0.684211      0.142857      0.001550     -0.017285
    0.684211      0.171429      0.002580     -0.017294
    0.736842      0.028571     -0.002588     -0.019237
    0.736842      0.057143     -0.001543     -0.019232
    0.736842      0.085714     -0.000504     -0.019229
    0.736842      0.114286      0.000534     -0.019230
    0.736842      0.142857      0.001573     -0.019233
    0.736842      0.171429      0.002617     -0.019240
    0.789474      0.028571     -0.002612     -0.021199
    0.789474      0.057143     -0.001558     -0.021196
    0.789474      0.085714     -0.000508     -0.021194
    0.789474      0.114286      0.000540     -0.021194
    0.789474      0.142857      0.001589     -0.021197
    0.789474      0.171429      0.002643     -0.021201
    0.842105      0.028571     -0.002627     -0.023168
    0.842105      0.057143     -0.001568     -0.023166
    0.842105      0.085714     -0.000512     -0.023165
    0.842105      0.114286      0.000544     -0.023165
    0.842105      0.142857      0.001600     -0.023167
    0.842105      0.171429      0.002659     -0.023170
    0.894737      0.028571     -0.002636     -0.025139
    0.894737      0.057143     -0.001573     -0.025137
    0.894737      0.085714     -0.000513     -0.025137
    0.894737      0.114286      0.000546     -0.025137
    0.894737      0.142857      0.001606     -0.025138
    0.894737      0.171429      0.002667     -0.025140
    0.947368      0.028571     -0.002639     -0.027106
    0.947368      0.057143     -0.001576     -0.027105
    0.947368      0.085714     -0.000514     -0.027105
    0.947368      0.114286      0.000547     -0.027105
    0.947368      0.142857      0.001608     -0.027105
    0.947368      0.171429      0.002671     -0.027106
